0.0 83.99367495448814 1.0308092160004738 
0.0 85.97409840787357 2.110545652970457 
0.0 88.93969222836311 3.275842841780936 
0.0 87.89400014605518 4.3179553408127855 
0.0 87.83439393521313 5.396224794594355 
0.0 87.76156018772474 6.473681596770733 
0.0 88.67182248426724 7.635960798655151 
0.0 87.57625594715333 8.625508349001333 
0.0 86.46990639020498 9.589332034567827 
0.0 85.35323997548906 10.527318067132592 
0.0 84.2267240113613 11.439360223105725 
0.0 84.08000334700638 12.472090328705749 
0.0 85.89522337973368 13.820658470045945 
0.0 82.76332196067106 14.360798655865304 
0.0 84.5470719190846 15.741430364142124 
0.0 86.30910467548428 17.16794833741929 
0.0 86.09192862332723 18.225801104915238 
0.0 84.88608531335198 19.06180789364768 
0.0 83.67283588967817 19.87099731213772 
0.0 81.48262526834169 20.410335111874176 
0.0 83.15997650985727 21.91844672598826 
0.0 82.88474165840783 22.937297142841274 
0.0 79.71573311149196 23.117134218959418 
0.0 80.38298820150554 24.383912889374848 
0.0 80.07770738975228 25.368499742815175 
0.0 78.81083898922203 26.035584453108005 
0.0 77.53980068120275 26.675443957305575 
0.0 80.97278960573978 28.972527391730942 
0.0 79.67381601256886 29.615587821201956 
0.0 79.3043879009528 30.59107810547401 
0.0 77.9945107597501 31.19064429195437 
0.0 78.52976026345937 32.52809175103265 
0.0 77.20556354196485 33.09533136512806 
0.0 78.62203899050363 34.85075300442915 
0.0 78.18844654578491 35.812942168396816 
0.0 77.74307920861612 36.76973803500428 
0.0 78.18467851537397 38.15961275285193 
0.0 76.81728990281431 38.666574350296194 
0.0 78.11228659545114 40.52740656432515 
0.0 77.60907126265522 41.482912840687824 
0.0 77.97023838339116 42.91435571504196 
0.0 77.4377422086753 43.867939108450805 
0.0 75.16563848257803 43.807839384137445 
0.0 77.19557490002447 46.26924697738998 
0.0 76.62196737947384 47.21307144106221 
0.0 72.6574066114748 46.00979531029037 
0.0 72.9255493832709 47.443273992718055 
0.0 72.33785627032144 48.3346102727054 
0.0 70.91468003951218 48.65293572739074 
0.0 72.76504837049094 51.246929036188234 
0.0 72.13069064448094 52.136009313623056 
0.0 71.4854703017774 53.01723809982656 
0.0 70.82948451019064 53.89048268498497 
0.0 70.16283205876796 54.75561156167578 
0.0 69.48561334291642 55.61249444467237 
0.0 70.34395125600908 57.729788858891716 
0.0 71.1605557028887 59.87633348875059 
0.0 68.90600503209012 59.43872870879366 
0.0 69.66968469068175 61.60466731588595 
0.0 68.90845465801122 62.45498280077268 
0.0 68.86950153720683 63.97649379277255 
0.0 69.52771996334086 66.19589229475838 
0.0 68.71015922724663 67.04411994326136 
0.0 67.17514421272205 67.17514421272197 
0.0 67.74249619267042 69.42589005253038 
0.0 64.81681120528434 68.07922579743784 
0.0 66.018296786159 71.067464352224 
0.0 65.81277757500786 72.61321028478594 
0.0 65.57916198142706 74.16450305782243 
0.0 65.31728429537775 75.7208846506484 
0.0 65.02698583186901 77.2818938278683 
0.0 65.34250826885555 79.62007669636183 
0.0 63.1108083023811 78.85446008578148 
0.0 62.753622239224015 80.41133561791378 
0.0 62.973148306049936 82.76703807932383 
0.0 61.357028362720726 82.73037574250635 
0.0 62.680370747839056 86.71892021302757 
0.0 60.459860098873854 85.84640538091622 
0.0 59.967571943063106 87.40646609521261 
0.0 60.00158516611715 89.7987181286748 
0.0 59.440423738003176 91.36649290547727 
0.0 59.384735807467905 93.77874574271742 
0.0 58.754044459988634 95.35178162778962 
0.0 59.121815582220634 98.6387901500312 
0.0 58.41045251218337 100.22085131010398 
0.0 58.16198668311466 102.67026495082786 
0.0 57.86205264949488 105.12841130344871 
0.0 57.03900515594587 106.71247298615087 
0.0 56.646261447863694 109.17967330955095 
0.0 56.201416206825996 111.65303764943933 
0.0 55.704262294393196 114.13165714313205 
0.0 55.154607052506584 116.6146188129241 
0.0 55.38513149298595 120.91934175103938 
0.0 54.30233607666886 122.504107264273 
0.0 53.188925408241715 124.0803699781577 
0.0 52.044946801652436 125.6476164215349 
0.0 51.241772765353815 128.13383910530365 
0.0 49.66551504182861 128.75300623919387 
0.0 47.733359194172785 128.41544463202268 
0.0 47.16457947491107 131.81616912562282 
0.0 45.218130610554816 131.43941822789236 
0.0 43.91544365584508 132.93394528302505 
0.0 42.28083290469221 133.46284564958705 
0.0 40.63985481562502 133.97164700250914 
0.0 38.99275651390773 134.46027271817914 
0.0 37.339786046486076 134.9286492113615 
0.0 35.68119234463235 135.3767059462792 
0.0 33.774245006554 134.83434419404153 
0.0 32.57919326757495 137.1845332609839 
0.0 30.893274862118975 137.57400033543246 
0.0 29.202704043103154 137.94274927146742 
0.0 27.11755476024217 136.32915397604896 
0.0 25.44254442576494 136.651662752939 
0.0 23.934664426442527 137.9388699344517 
0.0 22.39899821007483 139.20949996025797 
0.0 20.39553594929565 137.4955348851045 
0.0 18.572137773983783 136.74456368903358 
0.0 16.892673177492213 136.96217577462193 
0.0 14.879997984674588 134.17744095031802 
0.0 13.330331084820624 135.34512282741875 
0.0 11.8400291035331 137.49114048122334 
0.0 10.078345213154835 136.62879256498053 
0.0 8.339620137100768 135.74406335442026 
0.0 6.722271382856679 136.8349775001086 
0.0 5.079396765907938 137.90648907319223 
0.0 3.3376070791164905 135.95903934268375 
0.0 1.6689292068583352 135.98975945012364 
0.0 4.342703828203694e-13 137.0 
0.0 -1.7057438217146232 138.9895335556411 
0.0 -3.3621483076385377 136.95873816137998 
0.0 -5.042589542965708 136.9071666886039 
0.0 -6.7713390571832255 137.8337729563138 
0.0 -8.400940873402114 136.74218146732048 
0.0 -10.151909776753634 137.62608302165927 
0.0 -11.754231791187792 136.49482786904062 
0.0 -13.428348225149323 136.34030755409103 
0.0 -15.210664606555376 137.15916186032518 
0.0 -17.015083852690555 137.95465530922075 
0.0 -18.70671848249004 137.7354663244615 
0.0 -20.39553594929478 137.49553488510463 
0.0 -22.24014006674009 138.22219854210027 
0.0 -24.105626315201953 138.9241475768408 
0.0 -25.625584313719212 137.6347682403704 
0.0 -27.507735404273554 138.2907245368556 
0.0 -29.409815419294496 138.92106664218724 
0.0 -31.5505785825887 140.50110672554825 
0.0 -33.04130948413542 139.13041316539523 
0.0 -34.98914590606944 139.68450046001448 
0.0 -36.19092366384051 137.31065888836915 
0.0 -38.94006259133459 140.71130560613437 
0.0 -40.663874650217174 140.22285583467277 
0.0 -42.38156287915093 139.71328901690268 
0.0 -44.39487454992593 140.13598793206668 
0.0 -47.052261059833114 142.4292270889557 
0.0 -49.12185411650109 142.78670613245893 
0.0 -50.53347800883239 141.23160977745334 
0.0 -52.611220717664 141.53819079879906 
0.0 -54.70404555331757 141.81490542288057 
0.0 -56.06889628672684 140.2044181514558 
0.0 -60.08129888131844 145.0490866042723 
0.0 -60.67477416940076 141.54353316026916 
0.0 -63.622886298782745 143.5309316454546 
0.0 -64.96301137523074 141.83020536212177 
0.0 -67.12614966855362 141.92631902038093 
0.0 -70.17859816616374 143.78791451103294 
0.0 -70.13936742611796 139.34299098650072 
0.0 -71.84403890948478 138.47178078284557 
0.0 -74.48068441850695 139.34355976704046 
0.0 -77.14940353265895 140.17121507126544 
0.0 -79.35660894899455 140.08400556850293 
0.0 -81.57321816356554 139.96360269169745 
0.0 -84.31285004768766 140.66749204004503 
0.0 -87.08188732462513 141.32496205547446 
0.0 -89.87960014103162 141.93539896195125 
0.0 -92.70524803174716 142.49819994432295 
0.0 -95.55808007937085 143.01277331603828 
0.0 -100.13453050869877 145.95230659294998 
0.0 -102.4938580723757 145.53009674098243 
0.0 -105.44361434215821 145.88229568546762 
0.0 -106.6301755041448 143.774148135036 
0.0 -108.99198745277782 143.25064282959963 
0.0 -111.35691789509269 142.69070340041634 
0.0 -114.34928633005593 142.8749128286939 
0.0 -115.45957771778271 140.68790251201875 
0.0 -118.46500389172084 140.7907768745331 
0.0 -119.53063026054038 138.56921891068734 
0.0 -121.88450307659083 137.8410965923172 
0.0 -122.8952887370036 135.5940559399582 
0.0 -124.54998259656713 134.07573171605225 
0.0 -126.18591968688247 132.53721618011917 
0.0 -127.80285364184127 130.97874102693956 
0.0 -127.98632739476434 127.98632739476585 
0.0 -128.8315485510866 125.70772489361589 
0.0 -129.64022784831184 123.42775750793575 
0.0 -128.94715181434395 119.78577561200052 
0.0 -130.40739806247208 118.19437605307603 
0.0 -129.60059625255775 114.5979295231005 
0.0 -129.48271275260817 111.69255614509662 
0.0 -127.78293335894998 107.51986766259596 
0.0 -127.54672480485094 104.67489188700229 
0.0 -127.26016825725077 101.85209656720977 
0.0 -124.55873556500318 97.20659131173983 
0.0 -121.76304640515859 92.64318933486257 
0.0 -122.08754478505745 90.54629428285065 
0.0 -120.75812253963606 87.28388076101017 
0.0 -116.09704346752434 81.76476318133479 
0.0 -116.26709169268806 79.76818532049022 
0.0 -115.57427611005328 77.22426238972545 
0.0 -114.83678466101232 74.70952341382112 
0.0 -113.21037774346027 71.68968106487178 
0.0 -114.93295106921032 70.81960716159408 
0.0 -112.3624479100352 67.3474594893128 
0.0 -114.04441700804901 66.46706665179548 
0.0 -115.72156981745816 65.55545956656206 
0.0 -117.39339262218404 64.61262545860325 
0.0 -115.53168562963408 61.752972524206484 
0.0 -115.3931506523706 59.870032424572 
0.0 -113.43948625183005 57.100638866135824 
0.0 -114.13165714313175 55.70426229439381 
0.0 -110.28669376105972 52.161721398495196 
0.0 -112.7368299032244 51.63726545210781 
0.0 -108.79096092871981 48.22371636659457 
0.0 -110.29366220280659 47.279044807326564 
0.0 -110.86554390135407 45.92201188381157 
0.0 -107.7067053348927 43.072794498413934 
0.0 -109.16015746366415 42.10771927459441 
0.0 -107.79398636994583 40.068148228685764 
0.0 -105.45293530049804 37.731663579929425 
0.0 -104.9624131172376 36.10944243001197 
0.0 -104.44809986523377 34.50499144387884 
0.0 -105.81697047931526 33.52266037443511 
0.0 -102.39261592334611 31.060460466228246 
0.0 -104.68692661629645 30.358646142971583 
0.0 -103.12403904011185 28.538265049814914 
0.0 -102.49950593075413 27.015759918079333 
0.0 -102.82331283862146 25.755899069746764 
0.0 -104.10457488599475 24.723217586032618 
0.0 -101.47302152400678 22.78652897631525 
0.0 -100.76668918412147 21.3324717477993 
0.0 -101.02088388153257 20.09430316766201 
0.0 -99.2936542305527 18.487028683470022 
0.0 -100.49831952367187 17.438112653551524 
0.0 -99.71744323394357 16.044672476720805 
0.0 -99.90682750644275 14.81977791999234 
0.0 -101.07206881363345 13.72723226772769 
0.0 -99.2479534598709 12.241067519922428 
0.0 -99.39069700023552 11.022220729389119 
0.0 -99.5184726672196 9.801714032956879 
0.0 -96.6423233817294 8.322339297411467 
0.0 -98.73175521119028 7.282891796367895 
0.0 -96.81745695131443 5.948111421315041 
0.0 -94.88556833949134 4.661429061105507 
0.0 -96.93427130506987 3.5703006253126244 
0.0 -96.97078541353179 2.3804991667233137 
0.0 -95.99277137655787 1.1780676754299306 
0.0 -97.0 8.303354877053947e-13 
0.0 -96.99269607839703 -1.1903392137139985 
0.0 -94.97138777613942 -2.3314167096758465 
0.0 -91.93765938212817 -3.3862645106042137 
0.0 -91.8891819708759 -4.514226038121655 
0.0 -93.82310261261408 -5.7641492124067835 
0.0 -93.74530292779694 -6.915068978367911 
0.0 -92.65707293299843 -7.979150048032089 
0.0 -93.54736430718658 -9.213611190977865 
0.0 -91.43944124021685 -10.140443071036424 
0.0 -91.30811718308142 -11.261782118327071 
0.0 -89.1812371885003 -12.112263765640554 
0.0 -90.0150624067952 -13.352473175437103 
0.0 -90.83173047052311 -14.614949186714426 
0.0 -92.61609838456062 -16.070417543467467 
0.0 -89.46259935624084 -16.656629803917006 
0.0 -88.2706752362909 -17.55812898145073 
0.0 -90.00519810620592 -19.054246609683272 
0.0 -87.81319170346775 -19.719111614117462 
0.0 -86.59165574629505 -20.56417163697892 
0.0 -90.2129065470928 -22.597156731002695 
0.0 -88.96183533612661 -23.447640683614498 
0.0 -90.59495018477159 -25.07099920263959 
0.0 -89.32003830564787 -25.902331112809087 
0.0 -88.99545122309569 -26.99647498466415 
0.0 -87.7041557125861 -27.784547337368142 
0.0 -89.25564897574573 -29.486083597494936 
0.0 -88.8870885857693 -30.579167463251853 
0.0 -83.79742180128913 -29.98319695190677 
0.0 -86.2351890959572 -32.05451858294714 
0.0 -84.90234469396155 -32.75044832468309 
0.0 -87.27957156448261 -34.903816231471865 
0.0 -85.92079652355002 -35.5895592099525 
0.0 -85.47758820717573 -36.64125972567662 
0.0 -82.27887801331812 -36.47171826044827 
0.0 -81.82511847814739 -37.478660408786524 
0.0 -80.45504708798684 -38.05240331529429 
0.0 -83.57672530953812 -40.79131018408223 
0.0 -80.39018710759679 -40.465019668913776 
0.0 -80.77520545666013 -41.90902269719902 
0.0 -80.25483505570074 -42.89710305116496 
0.0 -77.97023838339163 -42.91435571504112 
0.0 -77.43774220867577 -43.86793910844998 
0.0 -78.62152990706487 -45.82199291903948 
0.0 -77.19557490002497 -46.26924697738915 
0.0 -80.02738815189544 -49.311430171775235 
0.0 -76.88167443772386 -48.68478340972504 
0.0 -78.79312232215531 -51.260548911671535 
0.0 -78.15814355643981 -52.22360190384178 
0.0 -77.51139446179295 -53.17879021365882 
0.0 -76.85297243624944 -54.12596999327664 
0.0 -78.6143482305023 -56.82239217327373 
0.0 -76.30471549066188 -56.59143392678035 
0.0 -76.40034284245345 -58.129059974814425 
0.0 -74.89291062452823 -58.44700110515873 
0.0 -74.95077394292173 -59.98651086166828 
0.0 -76.52803488291164 -62.804935132200065 
0.0 -74.22122476537919 -62.451659660308955 
0.0 -72.69204926462321 -62.70459292356177 
0.0 -72.66623026877626 -64.25433042624586 
0.0 -72.61321028478672 -65.812777575007 
0.0 -73.99808143891445 -68.74070077733994 
0.0 -72.42470829514747 -68.95405447370588 
0.0 -71.57308252838264 -69.83762494089648 
0.0 -70.00357133746898 -70.00357133746742 
0.0 -70.53600119030708 -72.28881335366488 
0.0 -67.57497338423336 -70.97621412924299 
0.0 -68.7407007773416 -73.9980814389129 
0.0 -69.17057234924377 -76.31796591156 
0.0 -69.55365664696893 -78.65932142496243 
0.0 -67.92997566719366 -78.74972003667365 
0.0 -68.24614354631876 -81.10773015597992 
0.0 -67.24568812134727 -81.93910805644943 
0.0 -66.85996523123617 -83.53888345721344 
0.0 -63.984085420385966 -81.98802847316645 
0.0 -65.39519247166794 -85.95038569775883 
0.0 -65.52692349416843 -88.35282846287036 
0.0 -65.02356217766545 -89.96074900603749 
0.0 -64.49051743879939 -91.56949907297687 
0.0 -61.664767375414506 -89.8802340035673 
0.0 -62.223866098196105 -93.12459657788463 
0.0 -61.62172369169188 -94.71939172769629 
0.0 -60.98972866712968 -96.31330643846623 
0.0 -59.27863414266754 -96.20313682089461 
0.0 -57.57950734964136 -96.06560432003016 
0.0 -57.403375744732294 -98.4929055978606 
0.0 -56.19039391419584 -99.18991698639284 
0.0 -54.96895001702041 -99.87199073827612 
0.0 -53.26783126133812 -99.65710287136392 
0.0 -52.50141304923971 -101.19091672592518 
0.0 -50.35646892131624 -100.04112173389757 
0.0 -49.12501871631536 -100.6515401577227 
0.0 -48.3137255576221 -102.15079012294899 
0.0 -46.22368117083791 -100.9176461230479 
0.0 -44.17130322654404 -99.64886337168478 
0.0 -43.33912440671539 -101.1025236859063 
0.0 -40.947127263064665 -98.85510997870766 
0.0 -40.10225694679848 -100.27865669110727 
0.0 -38.14887387270872 -98.89723667648234 
0.0 -37.28079878668944 -100.29527427464555 
0.0 -36.720994019751885 -102.62830310494931 
0.0 -34.808201261361994 -101.17998381571583 
0.0 -33.877627963080094 -102.54904350404802 
0.0 -32.01263062783795 -101.05044027754462 
0.0 -30.770175788972747 -101.43567558761421 
0.0 -29.523087074815326 -101.80563505805007 
0.0 -28.538265049813774 -103.12403904011215 
0.0 -27.525491237287177 -104.43345887284413 
0.0 -25.9988792496488 -103.79334409181631 
0.0 -24.723217586031332 -104.10457488599505 
0.0 -23.443832696784547 -104.40012791412268 
0.0 -22.36802862875903 -105.6582760377199 
0.0 -20.874664455725114 -104.94402500314577 
0.0 -19.402228123244292 -104.20918166770906 
0.0 -18.121960208591236 -104.43943009322788 
0.0 -16.83896319338858 -104.65395032473312 
0.0 -15.113238868901503 -101.88518052637255 
0.0 -14.265555101754552 -105.0356793553448 
0.0 -13.09794224631526 -106.19531020206207 
0.0 -11.573331765856821 -104.36023185024747 
0.0 -10.389816874932471 -105.48958102725297 
0.0 -9.094515108509631 -105.60913689137455 
0.0 -7.72427917796405 -104.71549795126255 
0.0 -6.499998048033026 -105.80051996741588 
0.0 -5.152105804377776 -104.87352290154315 
0.0 -3.7911439629588224 -102.93020561260003 
0.0 -2.576828994904589 -104.96837596310147 
0.0 -1.2885115199993482 -104.99209369311019 
0.0 1.2740832890166838e-12 -104.0 
0.0 1.2885115200019208 -104.99209369311016 
0.0 2.5768289949071606 -104.96837596310141 
0.0 3.9015656317854615 -105.928172766365 
0.0 5.152105804380345 -104.87352290154303 
0.0 6.499998048035618 -105.80051996741572 
0.0 7.797843741566296 -105.71278840794105 
0.0 9.180312420856675 -106.6054495035571 
0.0 10.389816874935056 -105.48958102725271 
0.0 12.014220595034972 -108.33585973025662 
0.0 13.342763596716326 -108.18026927125916 
0.0 14.265555101757128 -105.03567935534444 
0.0 15.846891241180895 -106.83106307619607 
0.0 17.1566794800589 -106.62855316104842 
0.0 18.292922097354115 -105.4247077356164 
0.0 19.585268011202007 -105.19228715513978 
0.0 21.264845099759977 -106.90559556395172 
0.0 22.368028628761618 -105.65827603771936 
0.0 24.10113641725777 -107.32723430423766 
0.0 24.95427569431457 -105.07751483819999 
0.0 27.456760329071045 -109.61353161098292 
0.0 28.035222556498802 -106.36741181493315 
0.0 30.138541594665817 -108.90669543488407 
0.0 31.194205211128263 -107.5682181745427 
0.0 32.802168529756614 -108.13425793773888 
0.0 34.428678222394424 -108.67688860037732 
0.0 35.759718405476086 -108.24621258760537 
0.0 37.085373306500465 -107.79923509337858 
0.0 38.74233314010785 -108.27756749604647 
0.0 40.416566908937014 -108.73132538185773 
0.0 41.747824238061256 -108.2271646648287 
0.0 42.70147730446396 -106.77819925441874 
0.0 44.77396158671822 -108.09390530381943 
0.0 46.097068687145374 -107.53632064773558 
0.0 48.22371636659661 -108.7909609287189 
0.0 49.55511765162167 -108.19098998777085 
0.0 51.734166305067056 -109.38270446793526 
0.0 53.51118110170335 -109.63828481466092 
0.0 55.302193547519636 -109.86658904704687 
0.0 57.10680015882484 -110.0673129299523 
0.0 59.39598884007885 -111.12207930789106 
0.0 61.23733905405179 -111.26090196281487 
0.0 63.090968605415604 -111.37113486191322 
0.0 64.95645150062086 -111.45249843968277 
0.0 66.83335674512216 -111.50471930003337 
0.0 69.2458381135613 -112.3788854898929 
0.0 72.22467868476163 -114.05523130870823 
0.0 73.07354844855772 -112.32211054434603 
0.0 76.66869215670873 -114.74280649774882 
0.0 78.07098988814225 -113.793323784331 
0.0 82.34057137275566 -116.91462828067381 
0.0 84.94068933118749 -117.51629374662346 
0.0 86.97209845589916 -117.26829959617127 
0.0 90.22114516924847 -118.57969878672063 
0.0 91.66950699651738 -117.46361771636121 
0.0 94.3537827095044 -117.89132151438301 
0.0 95.15899262455085 -115.95156800440724 
0.0 99.15005760503203 -117.83575890585519 
0.0 99.93544497193197 -115.8529535154886 
0.0 103.336861304071 -116.86527754565594 
0.0 103.42007904644498 -114.10647330465994 
0.0 106.17375565609488 -114.2940663808925 
0.0 108.25786552372372 -113.70679202337628 
0.0 108.24831865839496 -110.93827791898782 
0.0 110.3086578651056 -110.30865786509723 
0.0 110.93827791899605 -108.24831865838654 
0.0 113.70679202338451 -108.2578655237151 
0.0 115.02672065257299 -106.85435665388162 
0.0 114.84742443002277 -104.0916380012833 
0.0 115.36700475661681 -102.01202974888184 
0.0 115.85295351549617 -99.93544497192318 
0.0 117.07059164024022 -98.50622606213332 
0.0 118.27059936450276 -97.06217247703289 
0.0 117.11058428581806 -93.72892322135309 
0.0 117.46361771636818 -91.66950699650846 
0.0 114.60051426368292 -87.19358996221801 
0.0 116.4650920646972 -86.37639915139785 
0.0 115.08492215187205 -83.18329575880935 
0.0 113.64428902807363 -80.03733860707555 
0.0 111.31955587598178 -76.37379445578289 
0.0 110.5854584362418 -73.89084099160219 
0.0 109.807436427687 -71.43757348328316 
0.0 110.6758170477148 -70.08468820520473 
0.0 108.12210952437171 -66.62288970016063 
0.0 107.21607625003698 -64.26284302414778 
0.0 105.40468844683643 -61.43168281453266 
0.0 105.28052592415688 -59.64068125979894 
0.0 103.37627111506066 -56.897685105331604 
0.0 102.30286666441178 -54.68202147181085 
0.0 102.96619596673362 -53.422490471150894 
0.0 102.72079463748676 -51.70530291027479 
0.0 101.55021462341921 -49.563634954848666 
0.0 98.53483295045763 -46.6035051838959 
0.0 100.00847813995973 -45.80725161073513 
0.0 96.9062341045764 -42.95557928452408 
0.0 97.42606827914823 -41.76315624646619 
0.0 96.08347138117584 -39.79907696596445 
0.0 97.49313844968962 -38.98830536493794 
0.0 98.8972366764843 -38.14887387270364 
0.0 97.48325723890967 -36.23554274593612 
0.0 95.09595058348688 -34.025875192609234 
0.0 97.39755451419546 -33.506960092707935 
0.0 96.85187442049144 -31.995537520681772 
0.0 95.330604035421 -30.200594931917692 
0.0 95.69403357322246 -29.028467725441065 
0.0 94.12219090272694 -27.29492955973008 
0.0 94.45005444795454 -26.13785023253486 
0.0 92.82974122030716 -24.467103322028265 
0.0 93.12300030667753 -23.32609727070815 
0.0 91.45635550732386 -21.719462178377956 
0.0 92.69170235366138 -20.814617814897396 
0.0 93.91846758908538 -19.88269211444764 
0.0 95.13617219911444 -18.923761235558995 
0.0 94.37812679339777 -17.571829243688086 
0.0 90.64554309978351 -15.72849376594245 
0.0 92.80633330683956 -14.932665473377549 
0.0 91.00423891676064 -13.499203649887924 
0.0 92.15394509478429 -12.516005891157272 
0.0 90.31563764848327 -11.139371443123284 
0.0 89.45162730021264 -9.9199986564441 
0.0 87.57625594715385 -8.625508348996036 
0.0 87.67550987208492 -7.5501634863053715 
0.0 87.76156018772514 -6.473681596765354 
0.0 89.83063016101377 -5.51886626719323 
0.0 88.8927956022606 -4.367023015134683 
0.0 85.94172507459825 -3.165421172951488 
0.0 86.9737972265699 -2.1350868814878985 
0.0 86.99344906000564 -1.0676238308521266 
0.0 86.0 5.478536849837841e-12 
